in6-eq4 on 1 16 0 0 0 0 0 0 0 0 0 0 0 0 0 0 0 0;
in6-eq4 mode 5 16 0 0 0 0 0 0 0 0 0 0 0 0 0 0 0 0;
in6-eq4 db 7.67677 16 0 0 0 0 0 0 0 0 0 0 0 0 0 0 0 0;
in6-eq4 q 0 16 0 0 0 0 0 0 0 0 0 0 0 0 0 0 0 0;
in6-eq4 f 115.051 16 0 0 0 0 0 0 0 0 0 0 0 0 0 0 0 0;
in6-eq3 on 0 16 0 0 0 0 0 0 0 0 0 0 0 0 0 0 0 0;
in6-eq3 mode 0 16 0 0 0 0 0 0 0 0 0 0 0 0 0 0 0 0;
in6-eq3 db 0 16 0 0 0 0 0 0 0 0 0 0 0 0 0 0 0 0;
in6-eq3 q 0 16 0 0 0 0 0 0 0 0 0 0 0 0 0 0 0 0;
in6-eq3 f 0 16 0 0 0 0 0 0 0 0 0 0 0 0 0 0 0 0;
in6-eq2 on 0 16 0 0 0 0 0 0 0 0 0 0 0 0 0 0 0 0;
in6-eq2 mode 0 16 0 0 0 0 0 0 0 0 0 0 0 0 0 0 0 0;
in6-eq2 db 0 16 0 0 0 0 0 0 0 0 0 0 0 0 0 0 0 0;
in6-eq2 q 0 16 0 0 0 0 0 0 0 0 0 0 0 0 0 0 0 0;
in6-eq2 f 0 16 0 0 0 0 0 0 0 0 0 0 0 0 0 0 0 0;
in6-eq1 on 0 16 0 0 0 0 0 0 0 0 0 0 0 0 0 0 0 0;
in6-eq1 mode 0 16 0 0 0 0 0 0 0 0 0 0 0 0 0 0 0 0;
in6-eq1 db 0 16 0 0 0 0 0 0 0 0 0 0 0 0 0 0 0 0;
in6-eq1 q 0 16 0 0 0 0 0 0 0 0 0 0 0 0 0 0 0 0;
in6-eq1 f 0 16 0 0 0 0 0 0 0 0 0 0 0 0 0 0 0 0;
in6-lop 0.0816327 16 0 0 0 0 0 0 0 0 0 0 0 0 0 0 0 0;
in6-gain 1.41772 16 0 0 0 0 0 0 0 0 0 0 0 0 0 0 0 0;
in5-eq4 on 1 16 0 0 0 0 0 0 0 0 0 0 0 0 0 0 0 0;
in5-eq4 mode 5 16 0 0 0 0 0 0 0 0 0 0 0 0 0 0 0 0;
in5-eq4 db 11.6162 16 0 0 0 0 0 0 0 0 0 0 0 0 0 0 0 0;
in5-eq4 q 0 16 0 0 0 0 0 0 0 0 0 0 0 0 0 0 0 0;
in5-eq4 f 110.99 16 0 0 0 0 0 0 0 0 0 0 0 0 0 0 0 0;
in5-eq3 on 0 16 0 0 0 0 0 0 0 0 0 0 0 0 0 0 0 0;
in5-eq3 mode 0 16 0 0 0 0 0 0 0 0 0 0 0 0 0 0 0 0;
in5-eq3 db 0 16 0 0 0 0 0 0 0 0 0 0 0 0 0 0 0 0;
in5-eq3 q 0 16 0 0 0 0 0 0 0 0 0 0 0 0 0 0 0 0;
in5-eq3 f 0 16 0 0 0 0 0 0 0 0 0 0 0 0 0 0 0 0;
in5-eq2 on 0 16 0 0 0 0 0 0 0 0 0 0 0 0 0 0 0 0;
in5-eq2 mode 0 16 0 0 0 0 0 0 0 0 0 0 0 0 0 0 0 0;
in5-eq2 db 0 16 0 0 0 0 0 0 0 0 0 0 0 0 0 0 0 0;
in5-eq2 q 0 16 0 0 0 0 0 0 0 0 0 0 0 0 0 0 0 0;
in5-eq2 f 0 16 0 0 0 0 0 0 0 0 0 0 0 0 0 0 0 0;
in5-eq1 on 0 16 0 0 0 0 0 0 0 0 0 0 0 0 0 0 0 0;
in5-eq1 mode 0 16 0 0 0 0 0 0 0 0 0 0 0 0 0 0 0 0;
in5-eq1 db 0 16 0 0 0 0 0 0 0 0 0 0 0 0 0 0 0 0;
in5-eq1 q 0 16 0 0 0 0 0 0 0 0 0 0 0 0 0 0 0 0;
in5-eq1 f 0 16 0 0 0 0 0 0 0 0 0 0 0 0 0 0 0 0;
in5-lop 0.367347 16 0 0 0 0 0 0 0 0 0 0 0 0 0 0 0 0;
in5-gain 1.18987 16 0 0 0 0 0 0 0 0 0 0 0 0 0 0 0 0;
in4-eq4 on 0 16 0 0 0 0 0 0 0 0 0 0 0 0 0 0 0 0;
in4-eq4 mode 0 16 0 0 0 0 0 0 0 0 0 0 0 0 0 0 0 0;
in4-eq4 db 0 16 0 0 0 0 0 0 0 0 0 0 0 0 0 0 0 0;
in4-eq4 q 0 16 0 0 0 0 0 0 0 0 0 0 0 0 0 0 0 0;
in4-eq4 f 0 16 0 0 0 0 0 0 0 0 0 0 0 0 0 0 0 0;
in4-eq3 on 0 16 0 0 0 0 0 0 0 0 0 0 0 0 0 0 0 0;
in4-eq3 mode 0 16 0 0 0 0 0 0 0 0 0 0 0 0 0 0 0 0;
in4-eq3 db 0 16 0 0 0 0 0 0 0 0 0 0 0 0 0 0 0 0;
in4-eq3 q 0 16 0 0 0 0 0 0 0 0 0 0 0 0 0 0 0 0;
in4-eq3 f 0 16 0 0 0 0 0 0 0 0 0 0 0 0 0 0 0 0;
in4-eq2 on 1 16 0 0 0 0 0 0 0 0 0 0 0 0 0 0 0 0;
in4-eq2 mode 0 16 0 0 0 0 0 0 0 0 0 0 0 0 0 0 0 0;
in4-eq2 db -5.45455 16 0 0 0 0 0 0 0 0 0 0 0 0 0 0 0 0;
in4-eq2 q 8.62234 16 0 0 0 0 0 0 0 0 0 0 0 0 0 0 0 0;
in4-eq2 f 48.7273 16 0 0 0 0 0 0 0 0 0 0 0 0 0 0 0 0;
in4-eq1 on 0 16 0 0 0 0 0 0 0 0 0 0 0 0 0 0 0 0;
in4-eq1 mode 0 16 0 0 0 0 0 0 0 0 0 0 0 0 0 0 0 0;
in4-eq1 db 0 16 0 0 0 0 0 0 0 0 0 0 0 0 0 0 0 0;
in4-eq1 q 0 16 0 0 0 0 0 0 0 0 0 0 0 0 0 0 0 0;
in4-eq1 f 0 16 0 0 0 0 0 0 0 0 0 0 0 0 0 0 0 0;
in4-lop 0 16 0 0 0 0 0 0 0 0 0 0 0 0 0 0 0 0;
in4-gain 1.36709 16 0 0 0 0 0 0 0 0 0 0 0 0 0 0 0 0;
in3-eq4 on 1 16 0 0 0 0 0 0 0 0 0 0 0 0 0 0 0 0;
in3-eq4 mode 5 16 0 0 0 0 0 0 0 0 0 0 0 0 0 0 0 0;
in3-eq4 db 11.6162 16 0 0 0 0 0 0 0 0 0 0 0 0 0 0 0 0;
in3-eq4 q 0 16 0 0 0 0 0 0 0 0 0 0 0 0 0 0 0 0;
in3-eq4 f 94.7475 16 0 0 0 0 0 0 0 0 0 0 0 0 0 0 0 0;
in3-eq3 on 0 16 0 0 0 0 0 0 0 0 0 0 0 0 0 0 0 0;
in3-eq3 mode 0 16 0 0 0 0 0 0 0 0 0 0 0 0 0 0 0 0;
in3-eq3 db 0 16 0 0 0 0 0 0 0 0 0 0 0 0 0 0 0 0;
in3-eq3 q 0 16 0 0 0 0 0 0 0 0 0 0 0 0 0 0 0 0;
in3-eq3 f 0 16 0 0 0 0 0 0 0 0 0 0 0 0 0 0 0 0;
in3-eq2 on 0 16 0 0 0 0 0 0 0 0 0 0 0 0 0 0 0 0;
in3-eq2 mode 0 16 0 0 0 0 0 0 0 0 0 0 0 0 0 0 0 0;
in3-eq2 db 0 16 0 0 0 0 0 0 0 0 0 0 0 0 0 0 0 0;
in3-eq2 q 0 16 0 0 0 0 0 0 0 0 0 0 0 0 0 0 0 0;
in3-eq2 f 0 16 0 0 0 0 0 0 0 0 0 0 0 0 0 0 0 0;
in3-eq1 on 0 16 0 0 0 0 0 0 0 0 0 0 0 0 0 0 0 0;
in3-eq1 mode 0 16 0 0 0 0 0 0 0 0 0 0 0 0 0 0 0 0;
in3-eq1 db 0 16 0 0 0 0 0 0 0 0 0 0 0 0 0 0 0 0;
in3-eq1 q 0 16 0 0 0 0 0 0 0 0 0 0 0 0 0 0 0 0;
in3-eq1 f 0 16 0 0 0 0 0 0 0 0 0 0 0 0 0 0 0 0;
in3-lop 0.510204 16 0 0 0 0 0 0 0 0 0 0 0 0 0 0 0 0;
in3-gain 1.11392 16 0 0 0 0 0 0 0 0 0 0 0 0 0 0 0 0;
in2-eq4 on 1 16 0 0 0 0 0 0 0 0 0 0 0 0 0 0 0 0;
in2-eq4 mode 5 16 0 0 0 0 0 0 0 0 0 0 0 0 0 0 0 0;
in2-eq4 db 7.67677 16 0 0 0 0 0 0 0 0 0 0 0 0 0 0 0 0;
in2-eq4 q 0 16 0 0 0 0 0 0 0 0 0 0 0 0 0 0 0 0;
in2-eq4 f 106.929 16 0 0 0 0 0 0 0 0 0 0 0 0 0 0 0 0;
in2-eq3 on 0 16 0 0 0 0 0 0 0 0 0 0 0 0 0 0 0 0;
in2-eq3 mode 0 16 0 0 0 0 0 0 0 0 0 0 0 0 0 0 0 0;
in2-eq3 db 0 16 0 0 0 0 0 0 0 0 0 0 0 0 0 0 0 0;
in2-eq3 q 0 16 0 0 0 0 0 0 0 0 0 0 0 0 0 0 0 0;
in2-eq3 f 0 16 0 0 0 0 0 0 0 0 0 0 0 0 0 0 0 0;
in2-eq2 on 0 16 0 0 0 0 0 0 0 0 0 0 0 0 0 0 0 0;
in2-eq2 mode 0 16 0 0 0 0 0 0 0 0 0 0 0 0 0 0 0 0;
in2-eq2 db 0 16 0 0 0 0 0 0 0 0 0 0 0 0 0 0 0 0;
in2-eq2 q 0 16 0 0 0 0 0 0 0 0 0 0 0 0 0 0 0 0;
in2-eq2 f 0 16 0 0 0 0 0 0 0 0 0 0 0 0 0 0 0 0;
in2-eq1 on 0 16 0 0 0 0 0 0 0 0 0 0 0 0 0 0 0 0;
in2-eq1 mode 0 16 0 0 0 0 0 0 0 0 0 0 0 0 0 0 0 0;
in2-eq1 db 0 16 0 0 0 0 0 0 0 0 0 0 0 0 0 0 0 0;
in2-eq1 q 0 16 0 0 0 0 0 0 0 0 0 0 0 0 0 0 0 0;
in2-eq1 f 0 16 0 0 0 0 0 0 0 0 0 0 0 0 0 0 0 0;
in2-lop 0.469388 16 0 0 0 0 0 0 0 0 0 0 0 0 0 0 0 0;
in2-gain 1.51899 16 0 0 0 0 0 0 0 0 0 0 0 0 0 0 0 0;
in1-eq4 on 0 16 0 0 0 0 0 0 0 0 0 0 0 0 0 0 0 0;
in1-eq4 mode 0 16 0 0 0 0 0 0 0 0 0 0 0 0 0 0 0 0;
in1-eq4 db 0 16 0 0 0 0 0 0 0 0 0 0 0 0 0 0 0 0;
in1-eq4 q 0 16 0 0 0 0 0 0 0 0 0 0 0 0 0 0 0 0;
in1-eq4 f 0 16 0 0 0 0 0 0 0 0 0 0 0 0 0 0 0 0;
in1-eq3 on 0 16 0 0 0 0 0 0 0 0 0 0 0 0 0 0 0 0;
in1-eq3 mode 0 16 0 0 0 0 0 0 0 0 0 0 0 0 0 0 0 0;
in1-eq3 db 0 16 0 0 0 0 0 0 0 0 0 0 0 0 0 0 0 0;
in1-eq3 q 0 16 0 0 0 0 0 0 0 0 0 0 0 0 0 0 0 0;
in1-eq3 f 0 16 0 0 0 0 0 0 0 0 0 0 0 0 0 0 0 0;
in1-eq2 on 0 16 0 0 0 0 0 0 0 0 0 0 0 0 0 0 0 0;
in1-eq2 mode 0 16 0 0 0 0 0 0 0 0 0 0 0 0 0 0 0 0;
in1-eq2 db 0 16 0 0 0 0 0 0 0 0 0 0 0 0 0 0 0 0;
in1-eq2 q 0 16 0 0 0 0 0 0 0 0 0 0 0 0 0 0 0 0;
in1-eq2 f 0 16 0 0 0 0 0 0 0 0 0 0 0 0 0 0 0 0;
in1-eq1 on 1 16 0 0 0 0 0 0 0 0 0 0 0 0 0 0 0 0;
in1-eq1 mode 4 16 0 0 0 0 0 0 0 0 0 0 0 0 0 0 0 0;
in1-eq1 db 0 16 0 0 0 0 0 0 0 0 0 0 0 0 0 0 0 0;
in1-eq1 q 3.00721 16 0 0 0 0 0 0 0 0 0 0 0 0 0 0 0 0;
in1-eq1 f 47.9693 16 0 0 0 0 0 0 0 0 0 0 0 0 0 0 0 0;
in1-lop 0.122449 16 0 0 0 0 0 0 0 0 0 0 0 0 0 0 0 0;
in1-gain 1.29114 16 0 0 0 0 0 0 0 0 0 0 0 0 0 0 0 0;
