cheb4 coef4 0.828283 16 0.828283 0 0 0 0 0 0 0 0 0 0 0 0 0 0 0;
cheb4 coef3 0.909091 16 0.909091 0 0 0 0 0 0 0 0 0 0 0 0 0 0 0;
cheb4 coef2 0.888889 16 0.888889 0 0 0 0 0 0 0 0 0 0 0 0 0 0 0;
cheb4 coef1 0.69697 16 0.69697 0 0 0 0 0 0 0 0 0 0 0 0 0 0 0;
cheb4 vol 0.666667 16 0.666667 0 0 0 0 0 0 0 0 0 0 0 0 0 0 0;
cheb3 coef4 0.232323 16 0.232323 0 0 0 0 0 0 0 0 0 0 0 0 0 0 0;
cheb3 coef3 0.292929 16 0.292929 0 0 0 0 0 0 0 0 0 0 0 0 0 0 0;
cheb3 coef2 0.727273 16 0.727273 0 0 0 0 0 0 0 0 0 0 0 0 0 0 0;
cheb3 coef1 0.969697 16 0.969697 0 0 0 0 0 0 0 0 0 0 0 0 0 0 0;
cheb3 vol 0.717172 16 0.717172 0 0 0 0 0 0 0 0 0 0 0 0 0 0 0;
cheb2 coef4 0.939394 16 0.939394 0 0 0 0 0 0 0 0 0 0 0 0 0 0 0;
cheb2 coef3 0.929293 16 0.929293 0 0 0 0 0 0 0 0 0 0 0 0 0 0 0;
cheb2 coef2 0.848485 16 0.848485 0 0 0 0 0 0 0 0 0 0 0 0 0 0 0;
cheb2 coef1 0.626263 16 0.626263 0 0 0 0 0 0 0 0 0 0 0 0 0 0 0;
cheb2 vol 0.626263 16 0.626263 0 0 0 0 0 0 0 0 0 0 0 0 0 0 0;
cheb1 coef4 0.969697 16 0.969697 0 0 0 0 0 0 0 0 0 0 0 0 0 0 0;
cheb1 coef3 0.676768 16 0.676768 0 0 0 0 0 0 0 0 0 0 0 0 0 0 0;
cheb1 coef2 0.89899 16 0.89899 0 0 0 0 0 0 0 0 0 0 0 0 0 0 0;
cheb1 coef1 0.666667 16 0.666667 0 0 0 0 0 0 0 0 0 0 0 0 0 0 0;
cheb1 vol 0.636364 16 0.636364 0 0 0 0 0 0 0 0 0 0 0 0 0 0 0;
