foffset6 60 16 60 66.0804 0 0 0 0 0 0 0 0 0 0 0 0 0 0;
foffset6 60 16 60 66.0804 0 0 0 0 0 0 0 0 0 0 0 0 0 0;
l4 v 0.648148 16 0.648148 0.627675 0 0 0 0 0 0 0 0 0 0 0 0 0 0;
l4 r8 -0.518519 16 -0.518519 -0.272846 0 0 0 0 0 0 0 0 0 0 0 0 0 0;
l4 r7 0.62963 16 0.62963 0.752466 0 0 0 0 0 0 0 0 0 0 0 0 0 0;
l4 r6 0.37037 16 0.37037 0.104225 0 0 0 0 0 0 0 0 0 0 0 0 0 0;
l4 r5 0.518519 16 0.518519 0.6823 0 0 0 0 0 0 0 0 0 0 0 0 0 0;
l4 r4 -0.814815 16 -0.814815 -0.794342 0 0 0 0 0 0 0 0 0 0 0 0 0 0;
l4 r3 0.703704 16 0.703704 0.0895217 0 0 0 0 0 0 0 0 0 0 0 0 0 0;
l4 r2 0.481481 16 0.481481 0.338172 0 0 0 0 0 0 0 0 0 0 0 0 0 0;
l4 r1 0.555556 16 0.555556 0.453192 0 0 0 0 0 0 0 0 0 0 0 0 0 0;
l3 v 0.703704 16 0.703704 0.703704 0 0 0 0 0 0 0 0 0 0 0 0 0 0;
l3 r8 0.222222 16 0.222222 0.406477 0 0 0 0 0 0 0 0 0 0 0 0 0 0;
l3 r7 0.592593 16 0.592593 0.265029 0 0 0 0 0 0 0 0 0 0 0 0 0 0;
l3 r6 -0.481481 16 -0.481481 -0.440536 0 0 0 0 0 0 0 0 0 0 0 0 0 0;
l3 r5 0.592593 16 0.592593 0.367393 0 0 0 0 0 0 0 0 0 0 0 0 0 0;
l3 r4 -0.555556 16 -0.555556 -0.719337 0 0 0 0 0 0 0 0 0 0 0 0 0 0;
l3 r3 -0.592593 16 -0.592593 -0.654011 0 0 0 0 0 0 0 0 0 0 0 0 0 0;
l3 r2 0.407407 16 0.407407 0.550717 0 0 0 0 0 0 0 0 0 0 0 0 0 0;
l3 r1 -0.0740741 16 -0.0740741 -0.0331286 0 0 0 0 0 0 0 0 0 0 0 0 0 0;
l6 v 0.574074 16 0.574074 0.619393 0 0 0 0 0 0 0 0 0 0 0 0 0 0;
l6 r8 0.518519 16 0.518519 -0.0381537 0 0 0 0 0 0 0 0 0 0 0 0 0 0;
l6 r7 0.111111 16 0.111111 0.419133 0 0 0 0 0 0 0 0 0 0 0 0 0 0;
l6 r6 0.259259 16 0.259259 0.161921 0 0 0 0 0 0 0 0 0 0 0 0 0 0;
l6 r5 0.666667 16 0.666667 0.412246 0 0 0 0 0 0 0 0 0 0 0 0 0 0;
l6 r4 -0.703704 16 -0.703704 -0.429927 0 0 0 0 0 0 0 0 0 0 0 0 0 0;
l6 r3 0.481481 16 0.481481 -0.361623 0 0 0 0 0 0 0 0 0 0 0 0 0 0;
l6 r2 -0.703704 16 -0.703704 0.612135 0 0 0 0 0 0 0 0 0 0 0 0 0 0;
l6 r1 0.185185 16 0.185185 -0.266146 0 0 0 0 0 0 0 0 0 0 0 0 0 0;
l5 v 0.685185 16 0.685185 0.685185 0 0 0 0 0 0 0 0 0 0 0 0 0 0;
l5 r8 0.37037 16 0.37037 0.349898 0 0 0 0 0 0 0 0 0 0 0 0 0 0;
l5 r7 0.62963 16 0.62963 0.506793 0 0 0 0 0 0 0 0 0 0 0 0 0 0;
l5 r6 0.37037 16 0.37037 0.206588 0 0 0 0 0 0 0 0 0 0 0 0 0 0;
l5 r5 -0.147962 16 -0.147962 -0.41421 0 0 0 0 0 0 0 0 0 0 0 0 0 0;
l5 r4 0 16 0 0.184255 0 0 0 0 0 0 0 0 0 0 0 0 0 0;
l5 r3 0.197283 16 0.197283 0.395323 0 0 0 0 0 0 0 0 0 0 0 0 0 0;
l5 r2 0.333333 16 0.333333 -0.280849 0 0 0 0 0 0 0 0 0 0 0 0 0 0;
l5 r1 -0.407407 16 -0.407407 -0.386935 0 0 0 0 0 0 0 0 0 0 0 0 0 0;
l2 v 0.648148 16 0.648148 0.648148 0 0 0 0 0 0 0 0 0 0 0 0 0 0;
l2 r8 0.777778 16 0.777778 0.736832 0 0 0 0 0 0 0 0 0 0 0 0 0 0;
l2 r7 0.62963 16 0.62963 0.179229 0 0 0 0 0 0 0 0 0 0 0 0 0 0;
l2 r6 0 16 0 0.245673 0 0 0 0 0 0 0 0 0 0 0 0 0 0;
l2 r5 -0.740741 16 -0.740741 -0.392704 0 0 0 0 0 0 0 0 0 0 0 0 0 0;
l2 r4 0 16 0 -0.4504 0 0 0 0 0 0 0 0 0 0 0 0 0 0;
l2 r3 -0.222222 16 -0.222222 0.330542 0 0 0 0 0 0 0 0 0 0 0 0 0 0;
l2 r2 0.481481 16 0.481481 0.112972 0 0 0 0 0 0 0 0 0 0 0 0 0 0;
l2 r1 0 16 0 -0.327564 0 0 0 0 0 0 0 0 0 0 0 0 0 0;
l1 v 0.62963 16 0.62963 0.650102 0 0 0 0 0 0 0 0 0 0 0 0 0 0;
l1 r8 0.592593 16 0.592593 0.654011 0 0 0 0 0 0 0 0 0 0 0 0 0 0;
l1 r7 0.814815 16 0.814815 0.610087 0 0 0 0 0 0 0 0 0 0 0 0 0 0;
l1 r6 -0.740741 16 -0.740741 -0.024195 0 0 0 0 0 0 0 0 0 0 0 0 0 0;
l1 r5 0.444444 16 0.444444 -0.231156 0 0 0 0 0 0 0 0 0 0 0 0 0 0;
l1 r4 -0.407407 16 -0.407407 -0.407407 0 0 0 0 0 0 0 0 0 0 0 0 0 0;
l1 r3 -0.185185 16 -0.185185 0.142379 0 0 0 0 0 0 0 0 0 0 0 0 0 0;
l1 r2 0.481481 16 0.481481 -0.0508096 0 0 0 0 0 0 0 0 0 0 0 0 0 0;
l1 r1 -0.740741 16 -0.740741 -0.00372231 0 0 0 0 0 0 0 0 0 0 0 0 0 0;
